
(read_sreen_settings)
-70.0  35.0 -20.0 (screen.(0,1,2))
20.0 30.0 (回転角として代入)

(read_light)
1.0 (nl read_int()で読み込みか）
50.0 50.0（光線の角度 light.(0,1,2)）
255.0 (bream.(0))

obj-1 車側面
(read_nth_object)
0 (texture) 1 (form) 1 (reftype)  0 (isrot_p) 
20.0  20.0  65.0 (abc.(0,1,2))
 0.0  20.0  45.0 (xyz.(0,1,2))
 1.0  (m_invert)  
 1.0 250.0 (reflparam.(0,1))
128.0 210.0  0.0 (color.(0,1,2))
(0,1,1,0,(20.0,20.0,65.0),(0.0,20.0,45.0),1.0,(1.0,255.0),(128.0,210.0,0.0),(_,_,_),(_,_,_,_))
これをobjects.(n)に入れる

obj-1 車上面
0 3 1 0    25.0  40.0  70.0    0.0   0.0  40.0  1.0 1.0 250.0 128.0 210.0   0.0
obj-2 不明
0 3 1 0     0.0  30.0  30.0    0.0  -5.0   0.0 -1.0 1.0 250.0 128.0 211.0  0.0
obj-3 不明
0 1 1 0    20.0  10.0  30.0    0.0 -10.0  80.0  1.0 1.0 250.0 128.0 211.0   0.0
obj-4 不明
0 2 1 0     0.0 -15.0  -1.0    0.0   0.0  50.0  1.0 1.0 250.0 128.0 211.0   0.0
obj-5 車後輪側面
0 1 1 0    22.0  28.0  28.0    0.0  -5.0   0.0  1.0 1.0 250.0   0.0 211.0 211.0
obj-6 車後輪外面
0 3 1 0    40.0  28.0  28.0    0.0  -5.0   0.0  1.0 1.0 250.0   0.0 211.0 211.0
obj-7 車後輪内面
0 3 1 0     0.0  15.0  15.0    0.0  -5.0   0.0 -1.0 1.0 250.0   0.0 211.0 211.0
obj-8 車前輪	
0 3 1 0    15.0  25.0  25.0    0.0  -5.0  70.0  1.0 1.0 250.0 211.0   0.0   0.0
obj-9 車上部側面		
0 1 1 0     5.0  11.0  45.0    0.0  35.0  40.0  1.0 1.0 250.0 211.0 128.0   0.0
obj-10 車上部上面		
0 3 1 0    30.0  45.0  75.0    0.0   0.0  40.0  1.0 1.0 250.0 211.0 128.0   0.0
obj-11 不明	
0 1 1 0    25.0  41.0  70.0    0.0   5.0  40.0  1.0 1.0 250.0   0.0   0.0   0.0
obj-12 不明	
1 1 1 0   100.0   5.0 200.0    0.0 -35.0 150.0  1.0 1.0 250.0 200.0 200.0 200.0
obj-13 車軸	
0 3 1 0    25.0  10.0  10.0    0.0  -5.0   0.0  1.0 1.0 250.0 211.0 128.0 128.0
obj-14 不明	
0 3 2 0    25.0  20.0  20.0    0.0   0.0  70.0  1.0 0.3   0.0   0.0   0.0 255.0
obj-15 不明	
2 3 1 0    20.0  20.0  20.0  100.0  40.0 120.0  1.0 1.0 150.0 255.0 255.0 255.0
obj-16 不明	
0 2 2 0     0.0   0.0  -1.0    0.0   0.0 200.0  1.0 0.2   0.0 255.0   0.0   0.0
-1


0 1 2 -1
3 1 4 -1
5 6 7 -1
8 -1
9 10 -1
12 -1
13 -1
14 -1
15 -1
16 -1
-1
11 0 1 2 3 4 6 -1
99 9 8 7 5 -1
-1
